ets Jun  8 2016 00:22:57

rst:0x1 (POWERON_RESET),boot:0x13 (SPI_FAST_FLASH_BOOT)
configsip: 0, SPIWP:0xee
clk_drv:0x00,q_drv:0x00,d_drv:0x00,cs0_drv:0x00,hd_drv:0x00,wp_drv:0x00
mode:DIO, clock div:1
load:0x3fff0030,len:1344
load:0x40078000,len:13864
load:0x40080400,len:3608
entry 0x400805f0
827
813
832
855
835
827
819
861
806
823
810
810
839
859
818
811
837
826
852
817
810
890
832
826
821
817
823
1008
832
818
808
773
822
829
860
841
846
842
850
879
817
811
801
784
880
843
845
848
849
822
821
813
811
823
842
848
855
832
807
819
815
821
831
850
830
834
811
804
842
851
832
818
821
849
849
847
842
811
