ets Jun  8 2016 00:22:57

rst:0x1 (POWERON_RESET),boot:0x13 (SPI_FAST_FLASH_BOOT)
configsip: 0, SPIWP:0xee
clk_drv:0x00,q_drv:0x00,d_drv:0x00,cs0_drv:0x00,hd_drv:0x00,wp_drv:0x00
mode:DIO, clock div:1
load:0x3fff0030,len:1344
load:0x40078000,len:13864
load:0x40080400,len:3608
entry 0x400805f0
709
735
818
711
691
718
671
672
682
705
688
711
799
696
704
698
720
705
724
738
720
663
720
705
789
702
679
714
700
713
716
721
683
754
718
721
713
773
718
707
706
739
734
711
689
731
720
705
697
718
694
720
703
715
707
707
711
721
693
698
791
691
709
724
688
701
670
701
741
686
743
686
706
694
727
718
774
742
