ets Jun  8 2016 00:22:57

rst:0x1 (POWERON_RESET),boot:0x13 (SPI_FAST_FLASH_BOOT)
configsip: 0, SPIWP:0xee
clk_drv:0x00,q_drv:0x00,d_drv:0x00,cs0_drv:0x00,hd_drv:0x00,wp_drv:0x00
mode:DIO, clock div:1
load:0x3fff0030,len:1344
load:0x40078000,len:13864
load:0x40080400,len:3608
entry 0x400805f0
601
481
506
481
496
476
523
455
511
464
523
471
501
469
499
482
478
483
477
465
519
490
468
481
496
483
469
494
496
479
483
497
480
630
477
477
477
478
480
495
459
496
485
507
498
465
518
471
620
489
465
485
479
482
484
475
486
481
483
485
503
496
481
498
470
506
474
470
497
486
495
464
495
498
491
491
499
467
