ets Jun  8 2016 00:22:57

rst:0x1 (POWERON_RESET),boot:0x13 (SPI_FAST_FLASH_BOOT)
configsip: 0, SPIWP:0xee
clk_drv:0x00,q_drv:0x00,d_drv:0x00,cs0_drv:0x00,hd_drv:0x00,wp_drv:0x00
mode:DIO, clock div:1
load:0x3fff0030,len:1344
load:0x40078000,len:13864
load:0x40080400,len:3608
entry 0x400805f0
405
431
403
412
409
445
400
441
415
427
477
407
401
435
423
400
428
432
414
433
396
451
400
450
420
414
563
431
402
405
430
414
414
432
432
448
422
427
432
394
446
399
443
403
413
410
405
622
413
423
420
422
432
412
385
400
432
569
413
426
384
426
399
435
565
413
421
418
430
417
401
425
433
399
425
420
419
414
406
417
413
402
410
407
407
434
409
425
565
419
418
417
416
419
438
573
423
439
421
428
430
400
421
441
404
568
417
398
429
403
430
415
420
467
407
400
419
445
397
