ets Jun  8 2016 00:22:57

rst:0x1 (POWERON_RESET),boot:0x13 (SPI_FAST_FLASH_BOOT)
configsip: 0, SPIWP:0xee
clk_drv:0x00,q_drv:0x00,d_drv:0x00,cs0_drv:0x00,hd_drv:0x00,wp_drv:0x00
mode:DIO, clock div:1
load:0x3fff0030,len:1344
load:0x40078000,len:13864
load:0x40080400,len:3608
entry 0x400805f0
381
400
396
447
375
378
366
381
389
405
560
394
398
416
390
377
370
373
409
405
496
378
395
391
386
399
417
379
403
413
381
400
407
391
401
397
391
413
395
372
393
405
390
377
417
400
387
384
402
410
572
403
386
400
402
400
400
390
385
391
560
418
387
399
410
382
384
403
415
387
559
393
402
383
398
395
411
402
