ets Jun  8 2016 00:22:57

rst:0x1 (POWERON_RESET),boot:0x13 (SPI_FAST_FLASH_BOOT)
configsip: 0, SPIWP:0xee
clk_drv:0x00,q_drv:0x00,d_drv:0x00,cs0_drv:0x00,hd_drv:0x00,wp_drv:0x00
mode:DIO, clock div:1
load:0x3fff0030,len:1344
load:0x40078000,len:13864
load:0x40080400,len:3608
entry 0x400805f0
357
541
384
341
368
464
364
388
361
374
361
349
367
378
544
358
379
398
383
345
384
369
363
378
528
381
347
374
343
395
368
374
400
386
370
383
382
543
388
368
368
397
367
343
400
355
374
542
365
394
354
366
367
416
368
379
345
375
363
376
521
371
326
372
361
398
354
352
383
369
534
351
356
347
397
349
369
385
354
384
