ets Jun  8 2016 00:22:57

rst:0x1 (POWERON_RESET),boot:0x13 (SPI_FAST_FLASH_BOOT)
configsip: 0, SPIWP:0xee
clk_drv:0x00,q_drv:0x00,d_drv:0x00,cs0_drv:0x00,hd_drv:0x00,wp_drv:0x00
mode:DIO, clock div:1
load:0x3fff0030,len:1344
load:0x40078000,len:13864
load:0x40080400,len:3608
entry 0x400805f0
339
367
347
367
350
336
369
349
332
356
338
358
498
359
333
345
339
347
352
352
351
340
368
355
368
531
353
341
373
356
322
336
327
349
370
346
360
350
353
339
354
502
341
367
351
355
341
369
347
353
354
349
345
332
497
335
341
327
347
325
336
345
331
336
351
343
366
332
335
347
326
356
354
343
370
323
366
349
