ets Jun  8 2016 00:22:57

rst:0x1 (POWERON_RESET),boot:0x13 (SPI_FAST_FLASH_BOOT)
configsip: 0, SPIWP:0xee
clk_drv:0x00,q_drv:0x00,d_drv:0x00,cs0_drv:0x00,hd_drv:0x00,wp_drv:0x00
mode:DIO, clock div:1
load:0x3fff0030,len:1344
load:0x40078000,len:13864
load:0x40080400,len:3608
entry 0x400805f0
1648
1638
1630
1632
1647
1634
1655
1642
1620
1637
1611
1617
1648
1648
1625
1609
1631
1616
1723
1648
1649
1657
1671
1691
1661
1619
1642
1680
1678
1610
1652
1730
1597
1627
1669
1662
1679
1719
1655
1635
1654
1658
1650
1665
1689
1648
1622
1633
1689
1691
1647
1712
1678
1635
1679
1670
1647
1649
1671
1635
1666
1648
1634
1668
1634
1661
1616
1632
1636
1658
1675
1637
1644
1648
1718
1680
1661
1648
1651
