ets Jun  8 2016 00:22:57

rst:0x1 (POWERON_RESET),boot:0x13 (SPI_FAST_FLASH_BOOT)
configsip: 0, SPIWP:0xee
clk_drv:0x00,q_drv:0x00,d_drv:0x00,cs0_drv:0x00,hd_drv:0x00,wp_drv:0x00
mode:DIO, clock div:1
load:0x3fff0030,len:1344
load:0x40078000,len:13864
load:0x40080400,len:3608
entry 0x400805f0
1729
1705
1747
1727
1764
1756
1712
1762
1744
1710
1712
1733
1735
1740
1731
1776
1744
1717
1719
1744
1744
1712
1741
1731
1709
1776
1739
1743
1758
1734
1699
1703
1757
1741
1745
1722
1722
1796
1753
1763
1717
1725
1745
1717
1729
1781
1723
1738
1746
1712
1748
1715
1707
1703
1725
1725
1745
1728
1770
1775
1739
1759
1715
1694
1728
1727
1763
1758
1726
1782
1745
1745
1699
1770
1693
1707
1718
1746
