ets Jun  8 2016 00:22:57

rst:0x1 (POWERON_RESET),boot:0x13 (SPI_FAST_FLASH_BOOT)
configsip: 0, SPIWP:0xee
clk_drv:0x00,q_drv:0x00,d_drv:0x00,cs0_drv:0x00,hd_drv:0x00,wp_drv:0x00
mode:DIO, clock div:1
load:0x3fff0030,len:1344
load:0x40078000,len:13864
load:0x40080400,len:3608
entry 0x400805f0
1535
1514
1531
1552
1569
1534
1584
1569
1531
1564
1556
1565
1500
1555
1535
1575
1650
1551
1513
1527
1558
1515
1573
1570
1520
1573
1567
1553
1505
1568
1565
1552
1546
1529
1552
1583
1526
1529
1533
1565
1552
1547
1548
1554
1531
1562
1581
1518
1573
1557
1552
1530
1566
1507
1584
1514
1513
1548
1572
1505
1535
1543
1551
1555
1568
1573
1530
1552
1559
1531
1547
1522
1523
1545
1552
1548
1552
1582
1527
