ets Jun  8 2016 00:22:57

rst:0x1 (POWERON_RESET),boot:0x13 (SPI_FAST_FLASH_BOOT)
configsip: 0, SPIWP:0xee
clk_drv:0x00,q_drv:0x00,d_drv:0x00,cs0_drv:0x00,hd_drv:0x00,wp_drv:0x00
mode:DIO, clock div:1
load:0x3fff0030,len:1344
load:0x40078000,len:13864
load:0x40080400,len:3608
entry 0x400805f0
689
676
668
643
682
663
640
698
674
690
665
720
657
662
661
656
661
684
650
665
669
643
624
665
688
665
674
651
661
673
657
663
641
666
669
659
633
662
659
655
643
624
644
667
691
678
654
635
655
735
711
669
656
679
720
660
656
677
658
647
676
668
659
675
674
666
653
706
675
683
687
672
665
676
665
661
674
665
