rst:0x1 (POWERON_RESET),boot:0x13 (SPI_FAST_FLASH_BOOT)
configsip: 0, SPIWP:0xee
clk_drv:0x00,q_drv:0x00,d_drv:0x00,cs0_drv:0x00,hd_drv:0x00,wp_drv:0x00
mode:DIO, clock div:1
load:0x3fff0030,len:1344
load:0x40078000,len:13864
load:0x40080400,len:3608
entry 0x400805f0
294
309
304
292
295
469
283
304
319
319
301
273
283
303
293
343
306
325
285
303
287
471
305
303
304
304
293
316
317
289
295
297
291
336
458
286
297
294
319
306
288
302
310
299
258
307
290
302
297
277
439
354
300
317
303
331
291
304
291
275
304
294
313
455
294
277
301
293
304
309
307
322
326
304
355
322
313
308
