ets Jun  8 2016 00:22:57

rst:0x1 (POWERON_RESET),boot:0x13 (SPI_FAST_FLASH_BOOT)
configsip: 0, SPIWP:0xee
clk_drv:0x00,q_drv:0x00,d_drv:0x00,cs0_drv:0x00,hd_drv:0x00,wp_drv:0x00
mode:DIO, clock div:1
load:0x3fff0030,len:1344
load:0x40078000,len:13864
load:0x40080400,len:3608
entry 0x400805f0
1914
1913
1920
1909
1923
1914
1915
1909
1899
1903
1930
1876
1947
1882
1911
1930
1901
1906
1901
1889
1904
1937
1885
1915
1924
1909
1872
1891
1891
1905
1904
1894
1901
1936
1885
1892
1892
1891
1893
1883
1904
1893
1923
1927
1887
1921
1917
1923
1907
1904
1909
1940
1931
1904
1904
1910
1923
1915
1897
1907
1901
1904
1909
1911
1870
1898
1872
1930
1904
1922
1909
1910
1885
1898
1936
1891
1917
1931
