ets Jun  8 2016 00:22:57

rst:0x1 (POWERON_RESET),boot:0x13 (SPI_FAST_FLASH_BOOT)
configsip: 0, SPIWP:0xee
clk_drv:0x00,q_drv:0x00,d_drv:0x00,cs0_drv:0x00,hd_drv:0x00,wp_drv:0x00
mode:DIO, clock div:1
load:0x3fff0030,len:1344
load:0x40078000,len:13864
load:0x40080400,len:3608
entry 0x400805f0
1177
1217
1179
1223
1218
1222
1200
1234
1212
1207
1230
1205
1189
1219
1230
1201
1208
1210
1188
1232
1191
1232
1232
1232
1197
1247
1191
1261
1181
1229
1263
1200
1200
1234
1232
1196
1232
1193
1259
1194
1212
1206
1216
1230
1237
1188
1227
1215
1210
1221
1258
1254
1205
1226
1293
1211
1242
1239
1200
1222
1223
1219
1179
1187
1232
1215
1230
1199
1216
1121
1276
1203
1232
1211
1211
1228
1221
1216
