ets Jun  8 2016 00:22:57

rst:0x1 (POWERON_RESET),boot:0x13 (SPI_FAST_FLASH_BOOT)
configsip: 0, SPIWP:0xee
clk_drv:0x00,q_drv:0x00,d_drv:0x00,cs0_drv:0x00,hd_drv:0x00,wp_drv:0x00
mode:DIO, clock div:1
load:0x3fff0030,len:1344
load:0x40078000,len:13864
load:0x40080400,len:3608
entry 0x400805f0
1140
1117
1089
1105
1136
1109
1091
1101
1103
1093
1094
1126
1076
1134
1084
1103
1105
1091
1085
1081
1114
1090
1111
1072
1121
1083
1099
1090
1113
1104
1088
1062
1098
1102
1106
1076
1105
1083
1069
1124
1081
1104
1071
1090
1083
1135
1095
1074
1104
1089
1155
1074
1117
1061
1125
1072
1116
1113
1087
1200
1099
1074
1100
1075
1110
1104
1086
1099
1088
1116
1086
1129
1113
1093
1104
1111
1070
1106
