ets Jun  8 2016 00:22:57

rst:0x1 (POWERON_RESET),boot:0x13 (SPI_FAST_FLASH_BOOT)
configsip: 0, SPIWP:0xee
clk_drv:0x00,q_drv:0x00,d_drv:0x00,cs0_drv:0x00,hd_drv:0x00,wp_drv:0x00
mode:DIO, clock div:1
load:0x3fff0030,len:1344
load:0x40078000,len:13864
load:0x40080400,len:3608
entry 0x400805f0
1018
1021
990
1019
986
1022
1005
976
1031
981
1011
1006
991
978
1019
979
997
981
957
1041
982
995
987
1018
1035
999
1008
1005
1019
1038
943
1023
976
1009
970
1021
973
993
983
943
1006
995
1010
1016
967
1032
1035
993
986
991
963
1001
971
996
955
1062
1021
967
1004
970
1008
1006
976
1009
1050
1052
961
981
1003
992
971
960
976
947
950
1007
1007
1003
1004
1004
989
