ets Jun  8 2016 00:22:57

rst:0x1 (POWERON_RESET),boot:0x13 (SPI_FAST_FLASH_BOOT)
configsip: 0, SPIWP:0xee
clk_drv:0x00,q_drv:0x00,d_drv:0x00,cs0_drv:0x00,hd_drv:0x00,wp_drv:0x00
mode:DIO, clock div:1
load:0x3fff0030,len:1344
load:0x40078000,len:13864
load:0x40080400,len:3608
entry 0x400805f0
944
910
893
906
912
874
916
947
933
896
871
914
866
923
880
906
895
898
891
928
895
896
896
912
887
931
912
894
888
897
934
908
878
895
884
889
914
887
880
891
875
883
862
918
955
891
910
889
879
877
944
921
930
944
879
912
879
877
912
897
912
881
905
895
912
902
921
949
887
901
887
913
883
928
924
894
912
895
910
747
922
939
972
880
923
925
893
895
913
898
973
912
940
887
913
880
885
939
891
912
938
881
884
