ets Jun  8 2016 00:22:57

rst:0x1 (POWERON_RESET),boot:0x13 (SPI_FAST_FLASH_BOOT)
configsip: 0, SPIWP:0xee
clk_drv:0x00,q_drv:0x00,d_drv:0x00,cs0_drv:0x00,hd_drv:0x00,wp_drv:0x00
mode:DIO, clock div:1
load:0x3fff0030,len:1344
load:0x40078000,len:13864
load:0x40080400,len:3608
entry 0x400805f0
783
773
827
790
753
784
788
817
785
810
784
739
752
784
807
827
787
736
795
775
814
790
782
786
726
768
794
797
798
784
775
811
791
783
832
765
791
759
816
787
784
777
740
785
776
795
787
781
766
779
795
775
775
789
814
772
759
789
784
806
757
753
786
782
809
855
797
805
765
751
770
779
784
761
781
775
834
861
771
