ets Jun  8 2016 00:22:57

rst:0x1 (POWERON_RESET),boot:0x13 (SPI_FAST_FLASH_BOOT)
configsip: 0, SPIWP:0xee
clk_drv:0x00,q_drv:0x00,d_drv:0x00,cs0_drv:0x00,hd_drv:0x00,wp_drv:0x00
mode:DIO, clock div:1
load:0x3fff0030,len:1344
load:0x40078000,len:13864
load:0x40080400,len:3608
entry 0x400805f0
594
621
624
592
628
602
601
622
597
612
626
624
618
612
640
614
596
623
636
621
592
603
611
613
621
619
610
605
620
586
592
618
579
613
632
626
582
631
597
591
657
592
615
642
667
594
576
626
625
634
599
598
610
594
633
631
614
592
634
621
639
670
599
631
595
659
635
626
627
686
624
594
633
650
624
592
592
598
613
635
