ets Jun  8 2016 00:22:57

rst:0x1 (POWERON_RESET),boot:0x13 (SPI_FAST_FLASH_BOOT)
configsip: 0, SPIWP:0xee
clk_drv:0x00,q_drv:0x00,d_drv:0x00,cs0_drv:0x00,hd_drv:0x00,wp_drv:0x00
mode:DIO, clock div:1
load:0x3fff0030,len:1344
load:0x40078000,len:13864
load:0x40080400,len:3608
entry 0x400805f0
541
530
539
538
541
511
541
553
511
526
498
507
560
505
540
504
544
547
571
663
527
538
511
674
522
523
541
678
543
509
522
510
524
557
539
500
528
560
567
496
496
537
525
533
482
560
505
480
527
530
651
528
490
495
679
537
545
496
688
510
509
532
549
518
528
531
554
494
561
523
526
528
525
682
502
526
537
688
