ets Jun  8 2016 00:22:57

rst:0x1 (POWERON_RESET),boot:0x13 (SPI_FAST_FLASH_BOOT)
configsip: 0, SPIWP:0xee
clk_drv:0x00,q_drv:0x00,d_drv:0x00,cs0_drv:0x00,hd_drv:0x00,wp_drv:0x00
mode:DIO, clock div:1
load:0x3fff0030,len:1344
load:0x40078000,len:13864
load:0x40080400,len:3608
entry 0x400805f0
460
442
496
476
470
459
473
467
481
637
457
483
480
439
481
444
491
454
447
464
464
438
463
454
480
462
459
459
457
466
569
470
473
467
652
469
475
468
478
471
464
463
484
474
464
452
448
476
435
474
470
471
454
468
455
465
471
459
464
656
474
466
455
448
477
458
465
465
451
450
487
471
449
622
483
469
464
469
453
