ets Jun  8 2016 00:22:57

rst:0x1 (POWERON_RESET),boot:0x13 (SPI_FAST_FLASH_BOOT)
configsip: 0, SPIWP:0xee
clk_drv:0x00,q_drv:0x00,d_drv:0x00,cs0_drv:0x00,hd_drv:0x00,wp_drv:0x00
mode:DIO, clock div:1
load:0x3fff0030,len:1344
load:0x40078000,len:13864
load:0x40080400,len:3608
entry 0x400805f0
358
334
286
333
325
318
320
333
321
319
336
350
318
303
314
348
474
310
336
332
299
289
323
305
320
320
321
338
368
486
299
336
319
346
315
309
333
336
315
323
358
324
313
320
335
495
320
359
325
343
343
330
320
336
324
330
322
331
493
336
352
339
323
331
317
329
342
352
489
331
330
336
337
327
324
403
307
336
