ets Jun  8 2016 00:22:57

rst:0x1 (POWERON_RESET),boot:0x13 (SPI_FAST_FLASH_BOOT)
configsip: 0, SPIWP:0xee
clk_drv:0x00,q_drv:0x00,d_drv:0x00,cs0_drv:0x00,hd_drv:0x00,wp_drv:0x00
mode:DIO, clock div:1
load:0x3fff0030,len:1344
load:0x40078000,len:13864
load:0x40080400,len:3608
entry 0x400805f0
2289
2275
2320
2290
2302
2288
2286
2304
2256
2312
2304
2318
2293
2285
2272
2301
2259
2316
2334
2300
2269
2289
2307
2304
2301
2274
2310
2280
2295
2295
2279
2299
2304
2261
2279
2271
2273
2321
2294
2289
2262
2309
2288
2322
2283
2293
2299
2273
2301
2297
2318
2282
2289
2320
2319
2305
2326
2277
2264
2297
2293
2255
2305
2279
2273
2320
2275
2299
2288
2288
2283
2263
2324
2303
2272
2308
2273
2300
2288
